50 100
27 40 36 76 87 87 61 98 79 26 61 43 54 33 94 1 12 65 62 32 13 6 77 93 32 4 100 66 12 45 17 96 79 14 1 62 85 2 34 68 28 21 66 83 98 63 24 46 82 6 56 27 31 56 93 77 1 86 43 34 22 28 68 41 77 51 30 40 20 79 0 93 44 41 47 37 3 5 5 63 8 47 96 100 8 11 35 89 80 5 47 32 19 71 87 64 99 63 90 76
91 24 57 21 46 79 63 51 35 42 17 100 39 32 27 29 24 43 58 38 15 17 84 96 60 9 19 13 29 34 38 6 1 95 71 28 46 22 20 9 77 30 14 53 98 59 67 41 18 86 14 0 75 6 79 2 75 29 12 37 100 64 94 22 40 45 55 38 68 56 37 15 18 85 52 81 79 13 33 42 17 41 81 86 12 72 9 89 92 92 20 30 55 79 61 66 9 29 39 74
7 15 58 1 55 81 56 41 100 24 7 14 24 90 100 6 31 34 99 4 64 43 42 52 51 69 57 92 71 20 55 79 77 32 13 65 94 4 56 53 42 24 47 68 52 21 97 74 86 66 100 83 58 9 82 73 56 68 3 85 14 48 98 8 72 85 97 76 11 99 39 78 2 81 38 52 70 37 53 5 77 47 76 99 54 9 7 77 100 46 3 51 66 56 47 55 92 58 4 71
100 38 3 53 23 5 72 4 89 46 60 89 41 91 50 73 50 51 86 7 60 73 62 90 87 47 28 97 62 91 11 73 85 20 3 31 48 84 41 0 63 85 29 57 30 5 41 74 0 97 77 29 15 56 5 45 87 8 31 65 55 72 46 47 60 40 15 9 84 30 45 99 68 55 75 1 50 57 76 54 10 77 0 8 93 67 61 66 29 49 67 57 81 88 73 82 52 81 75 75
48 56 71 36 0 46 63 15 20 92 85 4 1 51 37 94 23 56 12 28 34 43 54 30 16 74 12 40 59 49 75 98 51 100 93 71 83 48 86 96 53 65 21 13 66 85 96 81 68 83 64 58 15 1 58 11 3 15 26 30 93 81 38 64 16 2 29 99 64 22 54 100 67 83 71 65 90 6 97 92 0 39 45 46 23 89 100 72 82 91 38 71 8 87 65 32 69 100 2 22
65 88 76 31 100 98 92 97 79 76 35 66 54 56 40 62 26 20 12 72 41 3 46 57 59 0 11 0 35 1 6 19 43 0 59 1 31 51 77 52 2 2 92 9 27 37 60 36 48 20 66 1 77 56 75 36 59 50 99 75 44 11 93 89 78 80 13 9 31 56 88 24 62 6 5 39 49 61 97 47 83 59 16 93 7 90 88 87 48 20 82 85 23 97 76 60 44 55 87 58
60 77 68 13 35 89 43 44 73 81 50 78 31 90 14 45 79 20 49 19 95 50 71 60 82 26 79 86 94 59 11 98 28 94 65 91 65 93 14 10 85 14 96 50 14 57 93 88 99 49 15 94 64 29 4 7 31 13 97 19 96 6 47 29 89 27 16 49 46 100 93 39 28 69 60 82 27 78 12 33 3 75 79 91 3 6 24 58 52 32 73 98 95 40 55 84 100 40 13 32
36 62 19 60 6 4 23 86 85 99 57 27 49 7 51 34 91 96 95 81 40 95 13 63 39 40 52 15 2 77 77 49 59 99 72 7 12 96 14 16 72 27 73 1 90 15 58 83 87 10 70 85 71 79 88 85 100 60 30 11 47 100 99 43 29 75 96 11 72 80 26 35 80 91 97 36 64 94 80 59 61 24 84 32 27 62 57 78 39 74 84 68 83 38 47 66 73 78 67 35
31 58 14 48 4 73 47 68 75 76 9 89 24 48 44 32 79 82 51 77 46 34 12 98 44 33 18 15 29 63 14 22 11 24 76 75 81 39 29 64 15 1 78 55 0 19 99 0 56 89 55 69 22 26 70 44 59 37 78 51 85 3 16 85 32 66 94 20 57 80 64 68 50 33 53 66 98 51 52 4 65 44 76 34 87 78 45 81 48 48 41 89 28 18 63 33 79 6 15 82
74 56 8 86 38 96 58 43 80 99 19 78 17 39 88 89 15 21 87 46 70 21 8 13 82 37 75 91 6 3 81 43 16 63 49 78 82 66 66 13 3 39 42 1 58 15 26 52 11 68 72 46 78 29 87 67 87 13 58 26 81 1 82 4 71 9 63 94 63 68 75 60 17 54 69 15 40 63 97 45 43 66 32 72 68 32 71 96 85 58 81 47 61 65 18 19 48 47 28 6
26 68 64 10 62 34 96 19 7 74 31 29 96 17 3 50 28 49 88 77 21 86 86 23 77 17 24 4 45 59 44 2 49 46 28 57 41 77 90 41 19 16 30 78 75 96 86 97 33 47 86 78 7 51 94 14 66 85 80 4 45 93 47 70 42 19 45 91 90 1 52 53 64 14 43 79 67 69 28 31 93 42 19 22 57 34 100 87 68 1 25 19 77 36 74 30 41 2 45 25
93 56 2 80 92 4 100 20 78 19 90 32 20 52 34 12 65 9 4 39 0 38 18 23 12 26 73 59 69 87 66 82 41 38 72 48 14 57 56 89 10 31 83 55 24 67 19 45 89 83 65 33 82 2 56 58 85 90 56 54 92 56 53 28 89 44 64 26 35 18 24 73 59 9 3 37 62 25 64 18 5 38 58 8 43 4 74 13 100 23 7 53 62 98 47 43 43 97 78 27
2 27 48 61 19 63 6 61 75 14 67 65 64 79 31 95 85 81 63 64 52 82 49 2 75 68 83 15 88 15 7 80 67 84 73 86 3 24 7 55 43 90 41 43 17 74 37 80 81 26 23 68 27 90 13 91 66 20 44 56 4 50 35 64 34 91 2 48 90 94 3 81 21 26 15 78 57 83 93 17 30 39 40 17 83 58 52 15 80 79 23 33 28 94 34 1 60 3 89 95
12 35 23 42 77 56 19 25 37 50 10 60 9 79 25 2 78 41 78 86 80 56 17 39 73 74 100 15 25 32 26 57 57 28 2 40 99 83 67 99 50 22 83 69 92 13 40 72 2 26 2 33 1 4 5 56 61 77 45 35 94 22 12 75 60 41 85 30 82 76 53 98 16 18 57 2 57 99 52 73 59 11 28 40 13 84 95 38 86 68 61 10 23 42 74 8 21 17 51 47
20 8 85 23 68 35 79 7 10 72 28 68 84 92 84 2 4 51 12 37 69 80 2 63 88 6 49 61 86 65 97 32 45 96 15 49 100 40 65 23 61 46 36 30 56 43 87 37 90 93 74 87 43 0 39 53 66 30 42 3 67 27 5 59 32 20 21 47 89 93 79 33 91 11 5 3 56 26 88 77 69 9 70 74 86 29 27 99 47 7 49 29 55 79 62 41 29 52 32 71
50 5 20 56 38 71 97 43 0 8 43 25 5 75 96 97 36 47 62 91 82 64 68 76 68 82 59 91 97 85 38 90 6 43 79 1 86 37 54 49 69 71 88 72 28 57 46 24 84 50 9 68 4 58 74 50 93 37 87 29 48 40 0 57 78 5 20 56 65 12 60 47 3 45 29 43 33 85 88 12 47 27 87 13 25 51 98 10 62 92 89 36 66 82 90 3 4 19 3 21
54 4 73 66 41 70 31 39 13 15 36 71 13 56 20 52 81 19 14 33 63 76 5 15 50 87 15 38 30 67 0 65 99 96 53 13 33 89 54 89 0 38 78 45 58 76 80 19 44 17 53 16 16 77 91 43 38 28 74 72 54 11 9 84 4 17 60 90 64 49 100 11 82 60 90 57 57 78 31 98 6 47 49 77 3 82 49 37 65 67 73 98 24 68 33 94 40 86 13 4
79 50 62 100 3 66 48 97 78 74 87 3 26 78 82 70 86 2 72 95 85 88 23 97 30 79 85 26 61 8 33 97 59 25 30 45 87 57 70 13 92 23 51 10 41 93 17 21 71 21 8 30 14 31 63 17 21 37 27 69 28 8 89 58 52 24 72 23 23 54 6 38 38 98 17 85 27 5 55 8 9 65 48 9 35 95 43 3 11 89 54 50 63 87 6 49 27 27 62 47
70 21 13 30 55 51 97 33 30 82 89 93 30 74 51 17 94 78 68 3 32 51 78 22 19 49 96 77 46 84 31 6 44 13 69 0 65 11 1 42 22 78 35 55 46 53 92 89 24 45 58 5 16 38 87 80 75 62 12 42 95 28 44 13 54 61 40 98 32 80 24 68 27 10 89 22 93 15 55 49 37 47 4 67 58 16 72 7 79 95 41 5 48 87 9 51 26 92 99 90
45 2 51 21 68 59 72 33 25 37 99 56 27 16 77 79 77 6 39 50 78 37 67 25 88 11 10 13 37 78 60 4 49 74 94 70 37 23 90 93 73 90 82 66 10 38 9 65 52 54 85 20 92 98 9 97 69 15 67 44 39 57 100 52 93 59 70 44 59 0 79 19 1 4 36 69 7 54 58 66 78 34 57 7 62 30 45 15 70 64 34 9 88 82 20 52 35 43 36 94
64 79 74 5 90 70 77 42 93 56 67 28 36 69 9 74 56 81 30 36 65 62 86 50 61 83 10 18 18 43 41 32 96 27 98 77 97 38 65 79 99 63 4 89 25 60 17 2 92 2 24 80 5 8 27 47 35 36 55 24 39 78 81 15 9 45 67 27 59 10 70 6 67 88 18 81 100 63 69 1 44 37 92 24 40 1 81 3 92 77 12 91 82 97 21 77 76 21 70 88
89 38 23 82 56 90 58 25 41 73 15 85 87 54 30 56 99 97 14 51 63 94 74 36 91 71 93 49 99 52 12 56 29 23 95 18 29 4 38 82 4 12 83 73 26 21 28 98 57 68 99 57 72 9 14 31 72 57 38 13 40 67 71 30 14 78 70 27 60 80 50 62 77 32 82 30 54 8 88 86 93 31 84 86 55 55 42 7 43 72 67 52 67 17 61 68 70 3 89 28
98 39 79 66 18 82 28 54 28 73 37 50 39 52 0 30 100 97 58 24 78 24 66 91 69 48 100 96 76 23 32 89 59 88 55 50 27 31 42 52 91 91 40 78 40 3 32 19 66 64 60 84 82 95 90 39 94 10 89 20 64 94 96 81 43 85 74 66 49 46 28 37 13 80 21 93 4 43 21 66 47 52 43 76 92 63 84 14 39 64 81 76 97 71 51 59 62 60 59 66
10 75 21 3 67 34 12 7 90 66 63 11 93 43 13 77 31 71 25 97 8 10 80 45 83 80 62 4 56 20 67 82 55 53 24 66 39 76 75 81 68 45 78 12 26 29 36 28 32 77 58 20 41 98 52 99 63 64 11 59 28 23 78 48 23 17 91 14 70 11 100 33 5 6 10 64 72 93 64 59 97 70 64 66 23 24 18 42 83 92 49 89 9 83 16 3 1 93 70 96
78 98 54 79 93 2 6 50 58 85 27 64 1 10 14 74 77 34 43 63 76 35 32 61 47 7 81 13 58 21 56 81 80 32 44 10 97 60 55 16 49 62 89 5 43 82 71 99 91 51 60 93 22 9 100 64 4 60 6 2 40 33 88 78 88 72 19 52 54 62 14 9 77 9 46 26 88 61 93 74 45 48 12 5 52 57 28 99 13 62 57 100 75 4 45 40 94 4 35 22
78 45 92 18 59 6 22 51 35 59 46 66 43 20 94 48 28 79 20 29 52 15 56 23 63 40 98 43 82 91 32 18 0 76 40 10 55 52 64 25 43 97 47 91 15 98 18 75 12 20 94 88 53 95 94 25 26 35 88 35 25 43 20 88 2 87 62 48 51 29 73 35 3 30 54 97 91 56 14 15 8 93 39 93 41 18 99 76 51 80 43 59 57 90 57 56 47 46 71 38
33 6 29 24 13 62 19 94 9 21 64 50 74 37 97 9 57 49 77 63 1 82 26 36 42 78 85 61 42 11 26 92 93 29 96 17 15 86 35 24 9 80 53 4 4 51 17 35 53 8 48 39 72 60 86 58 14 96 21 29 24 52 6 28 99 20 88 75 88 61 38 52 92 2 31 55 2 90 7 27 9 50 57 23 2 73 8 30 51 53 86 22 87 52 39 96 100 48 10 32
91 92 84 69 4 58 39 47 58 75 28 74 38 78 18 32 42 22 74 82 45 91 8 86 84 91 64 42 29 17 10 55 60 84 68 40 37 33 48 13 80 96 71 66 97 88 14 96 19 76 66 76 44 71 11 52 100 16 68 87 56 37 22 33 87 97 47 23 12 50 32 58 27 16 42 29 0 1 88 61 92 81 79 28 87 51 14 13 2 21 12 40 47 87 74 43 35 46 65 36
50 36 14 62 44 58 20 44 44 68 61 73 47 77 28 38 69 43 16 12 48 94 68 7 68 15 10 100 98 9 79 3 90 51 58 64 7 42 67 14 62 27 23 92 47 75 15 38 57 29 42 79 4 59 78 98 52 33 83 70 46 60 95 77 6 63 23 76 63 43 69 51 67 78 50 14 2 85 7 96 99 16 89 24 7 57 59 79 75 28 2 51 4 30 4 35 94 10 81 4
91 91 63 70 10 56 8 76 48 68 67 32 2 5 9 49 31 39 34 50 53 3 66 22 71 25 48 40 95 10 4 39 9 22 25 28 12 59 51 14 67 17 25 95 63 89 95 97 68 69 97 63 91 28 0 68 20 91 100 8 86 84 19 96 61 86 75 49 21 90 97 10 25 95 47 78 24 34 19 68 86 57 47 0 78 48 89 59 90 58 69 97 40 63 25 22 65 88 72 80
81 65 74 77 35 82 37 52 60 21 59 14 99 0 10 21 19 22 0 66 20 83 8 55 77 76 100 14 49 67 68 90 85 87 74 41 68 58 99 62 71 55 62 31 9 31 39 35 58 88 30 22 19 29 71 52 93 84 39 88 69 69 33 85 60 62 10 58 54 95 57 23 43 59 22 85 80 75 85 24 96 49 16 50 13 96 41 24 15 13 81 21 66 0 63 93 90 13 62 10
55 86 15 66 48 78 73 6 71 85 90 47 99 26 11 96 64 67 93 87 76 81 47 6 88 57 47 69 86 94 37 23 85 15 49 23 74 9 82 78 54 47 83 93 71 53 40 100 80 78 91 95 89 3 97 53 45 41 37 30 61 24 20 16 81 44 17 92 31 89 80 35 65 35 17 17 83 46 58 15 63 13 63 99 8 89 80 98 33 1 7 76 33 55 35 89 87 31 12 98
55 92 1 59 38 85 97 50 38 25 35 20 84 49 45 93 55 52 8 17 52 30 29 23 77 39 13 93 14 11 86 15 27 6 25 11 39 14 93 59 63 51 99 88 47 28 5 37 8 4 0 75 9 67 97 42 38 46 82 23 84 5 29 56 100 78 2 61 100 21 30 79 36 3 87 51 17 63 10 70 20 87 27 29 0 62 19 21 17 55 60 89 73 100 93 84 24 14 26 75
79 51 76 24 20 35 82 95 8 20 88 38 37 5 37 15 34 48 60 20 42 65 0 9 4 37 67 68 70 98 19 61 75 29 51 1 46 16 72 24 2 19 17 83 98 50 88 92 43 24 19 10 95 61 44 75 75 52 60 29 93 84 0 49 3 56 19 17 79 34 99 41 24 64 35 1 43 63 20 57 36 46 100 44 58 77 77 9 97 62 67 51 91 88 85 54 49 35 17 49
31 75 87 48 6 82 0 53 77 66 19 48 25 27 55 10 60 14 94 33 24 99 93 76 94 75 45 98 69 66 31 11 89 46 63 98 30 51 3 1 96 82 74 50 83 57 14 93 71 82 22 69 13 27 97 45 65 46 34 93 100 78 35 13 70 22 81 15 35 44 90 46 21 61 3 79 29 2 61 58 35 35 15 46 17 91 80 36 95 31 20 66 59 25 28 24 21 93 55 91
87 100 8 47 93 69 91 71 50 26 39 73 68 88 26 9 23 17 30 45 31 14 6 42 23 25 27 39 45 31 14 72 36 37 63 58 60 9 60 65 91 51 27 27 4 24 53 87 70 15 64 65 47 100 93 36 74 40 28 14 66 93 96 97 90 10 34 32 100 23 88 39 92 11 34 42 13 56 55 54 21 74 87 32 85 51 12 42 64 58 67 58 24 8 40 1 45 47 2 74
91 79 49 45 45 17 94 96 73 25 98 31 80 53 22 88 23 20 77 85 96 63 57 18 50 76 18 6 11 72 72 77 72 73 83 69 75 44 29 36 30 35 75 24 45 65 14 60 46 84 41 17 88 76 82 95 86 65 13 37 69 41 73 32 7 38 93 49 1 92 90 10 95 76 60 16 66 92 23 65 20 89 47 57 2 24 85 97 97 78 22 23 12 27 47 2 96 73 26 44
63 36 95 79 71 54 85 30 55 60 79 58 53 31 40 79 89 78 98 24 26 7 63 8 14 48 12 89 73 20 53 68 78 68 73 84 73 32 88 48 19 89 54 25 86 95 62 65 71 15 52 59 97 4 20 71 28 38 37 6 11 46 56 87 65 78 80 81 0 25 21 24 40 24 85 19 64 23 2 70 33 34 66 18 71 4 67 6 66 79 48 100 51 99 18 4 11 2 58 60
97 9 73 41 96 77 20 71 5 96 94 26 1 66 96 25 1 89 6 32 76 88 66 33 86 11 7 37 87 28 18 20 61 36 83 68 48 8 5 8 62 66 25 52 69 55 7 86 58 71 25 77 44 63 70 33 98 11 84 92 77 41 37 21 43 22 14 68 65 69 27 25 90 63 64 22 72 28 34 22 48 83 51 21 8 2 78 71 20 77 30 1 0 73 63 41 11 9 22 48
36 47 71 87 4 57 44 33 48 66 51 8 3 42 25 73 27 55 64 88 47 29 59 14 65 20 4 61 95 52 22 35 48 4 92 64 34 21 21 19 75 18 22 7 0 1 2 66 4 53 44 33 92 55 39 40 86 92 71 64 10 7 24 0 36 0 3 6 0 53 46 8 96 5 71 83 46 1 59 69 91 86 4 6 64 92 53 6 68 20 34 32 27 91 57 60 96 17 22 9
89 35 47 52 32 25 14 44 82 11 64 53 38 59 63 17 30 89 97 8 72 56 52 45 29 99 24 38 65 21 31 45 59 92 11 96 94 2 13 61 86 61 61 77 5 7 64 62 12 29 17 62 46 22 7 43 28 47 95 50 78 62 26 80 12 52 16 29 60 71 56 39 96 98 0 30 16 62 72 16 17 55 68 23 27 55 30 43 17 73 82 49 16 98 44 27 39 86 37 7
88 30 6 62 76 53 51 66 82 22 38 40 80 83 88 24 75 73 60 14 88 18 80 45 17 66 7 19 5 79 67 79 92 30 37 42 90 47 18 56 66 92 0 89 40 57 74 16 81 26 47 31 39 30 69 80 71 97 63 58 49 34 32 14 25 60 8 27 39 77 57 77 93 56 27 88 16 38 74 35 82 11 80 2 86 28 42 88 32 91 65 11 57 86 78 37 7 52 88 14
100 49 29 34 29 65 51 10 38 66 18 98 62 81 76 99 55 9 7 29 75 65 75 54 80 60 32 88 90 0 1 45 15 28 26 60 77 1 31 51 71 1 0 4 96 44 87 56 75 88 72 90 80 86 56 93 57 35 33 21 96 88 84 76 94 13 34 19 26 46 6 15 23 49 57 48 57 52 88 40 87 32 10 56 43 62 11 6 35 6 35 28 7 65 40 3 17 33 28 57
86 0 86 53 50 1 89 85 67 83 77 84 31 65 55 85 51 94 68 70 33 61 18 40 74 15 32 36 6 99 12 3 97 42 74 73 49 42 86 22 91 65 95 52 39 35 77 32 57 66 14 86 54 21 81 72 13 55 33 15 80 75 55 2 13 33 10 60 37 89 91 18 88 13 66 33 31 88 86 97 37 40 10 30 29 30 64 16 48 83 75 46 84 78 68 80 88 83 13 51
6 26 28 77 75 34 87 38 18 13 92 23 73 2 25 6 4 34 66 79 10 29 17 24 40 46 72 85 56 15 97 60 89 42 37 12 86 54 59 53 75 95 87 93 16 21 11 33 19 100 62 38 41 72 63 22 46 31 25 20 67 26 45 2 55 59 51 86 92 19 47 74 100 14 87 4 60 74 38 35 80 19 97 84 16 7 86 43 88 78 99 40 78 1 58 91 3 93 33 91
45 21 18 19 39 56 98 93 67 6 0 47 79 75 53 9 3 89 59 91 33 97 21 5 2 77 35 16 14 39 57 18 8 99 83 44 20 70 15 61 33 0 27 9 32 47 33 6 4 46 70 63 78 99 89 99 34 85 35 20 47 72 48 60 75 90 3 99 36 35 36 69 28 12 27 84 55 34 26 30 24 25 23 93 23 8 18 10 79 51 55 56 63 3 70 75 65 60 28 75
7 5 16 47 75 38 78 69 5 93 73 72 16 72 6 51 80 85 90 91 54 80 41 36 39 41 8 75 38 48 92 78 63 88 20 19 12 53 59 10 63 64 60 56 60 22 69 55 60 94 84 85 94 47 51 40 63 8 98 7 89 77 28 12 52 57 42 9 49 84 69 13 5 6 99 96 71 46 55 85 17 74 6 31 58 32 85 25 68 8 69 65 4 49 13 12 47 0 100 17
11 30 41 22 74 84 45 9 7 24 1 21 62 3 27 54 27 44 76 97 77 18 44 1 30 61 68 52 85 28 97 72 2 2 84 75 24 76 2 81 10 51 39 64 10 65 32 40 82 8 5 98 47 42 8 48 86 41 97 18 60 81 95 99 57 57 33 51 80 97 79 30 88 19 29 48 65 53 87 12 91 12 54 90 19 98 22 47 72 90 34 82 55 22 79 66 60 2 7 1
5 84 49 49 83 27 7 5 24 76 20 39 13 14 90 15 94 85 49 24 92 13 74 61 86 54 50 16 60 6 88 75 8 93 59 28 7 64 0 70 4 77 62 21 31 48 47 98 86 58 100 83 7 81 8 93 61 25 36 66 88 80 87 73 11 15 41 6 15 64 9 3 12 56 23 47 69 29 95 93 19 72 64 96 58 32 6 46 63 36 67 15 43 72 5 1 96 30 63 91
33 93 14 52 49 45 90 14 12 62 47 4 67 71 69 66 24 36 93 23 89 21 50 60 68 58 79 24 59 55 66 81 79 24 48 54 47 0 29 10 79 42 89 16 10 49 76 24 12 31 63 26 17 39 72 14 82 35 96 75 46 1 54 18 75 15 86 100 78 99 86 31 95 87 32 71 13 19 26 90 81 5 54 5 92 82 27 23 0 14 75 86 94 88 24 50 7 85 30 63
3 9
6 49
2 18
7 29
6 50
3 35
2 30
3 7
4 8
3 13
8 16
2 14
2 4
6 34
7 29
4 28
6 39
6 15
6 20
3 45
8 36
6 20
2 8
8 48
3 17
6 41
6 18
6 19
8 34
2 6
3 16
7 30
2 44
1 22
8 29
6 5
5 11
7 31
6 2
6 16
1 6
5 2
1 13
1 36
8 3
2 12
6 37
6 42
1 38
5 9
7 11
7 36
5 36
4 21
4 30
2 14
6 42
7 2
7 10
3 29
2 5
4 48
7 24
8 9
5 22
2 5
7 29
8 8
8 14
6 22
4 47
5 10
6 27
8 39
8 40
5 12
7 18
3 28
8 42
5 2
7 12
8 25
8 14
1 47
5 42
1 19
4 32
3 36
8 48
4 30
5 4
8 45
2 25
2 39
8 35
6 43
2 4
5 49
1 19
6 24
